# Chunk-averaged data for fix bi and group all
# Timestep Number-of-chunks Total-count
# Chunk Coord1 Coord2 Ncount density/number
11000 400 2746
  1 0.025 0.025 0 0
  2 0.025 0.075 0 0
  3 0.025 0.125 0 0
  4 0.025 0.175 0 0
  5 0.025 0.225 0 0
  6 0.025 0.275 0 0
  7 0.025 0.325 0 0
  8 0.025 0.375 0 0
  9 0.025 0.425 0 0
  10 0.025 0.475 0 0
  11 0.025 0.525 0 0
  12 0.025 0.575 0 0
  13 0.025 0.625 0 0
  14 0.025 0.675 0 0
  15 0.025 0.725 0 0
  16 0.025 0.775 0 0
  17 0.025 0.825 0 0
  18 0.025 0.875 0 0
  19 0.025 0.925 0 0
  20 0.025 0.975 0 0
  21 0.075 0.025 0 0
  22 0.075 0.075 0 0
  23 0.075 0.125 0 0
  24 0.075 0.175 0 0
  25 0.075 0.225 0 0
  26 0.075 0.275 0 0
  27 0.075 0.325 0 0
  28 0.075 0.375 0 0
  29 0.075 0.425 0 0
  30 0.075 0.475 0 0
  31 0.075 0.525 0 0
  32 0.075 0.575 0 0
  33 0.075 0.625 0 0
  34 0.075 0.675 0 0
  35 0.075 0.725 0 0
  36 0.075 0.775 0 0
  37 0.075 0.825 0 0
  38 0.075 0.875 0 0
  39 0.075 0.925 0 0
  40 0.075 0.975 0 0
  41 0.125 0.025 0 0
  42 0.125 0.075 0 0
  43 0.125 0.125 0 0
  44 0.125 0.175 0 0
  45 0.125 0.225 0 0
  46 0.125 0.275 4 0.0277778
  47 0.125 0.325 11 0.0763889
  48 0.125 0.375 11 0.0763889
  49 0.125 0.425 2 0.0138889
  50 0.125 0.475 0 0
  51 0.125 0.525 0 0
  52 0.125 0.575 0 0
  53 0.125 0.625 0 0
  54 0.125 0.675 0 0
  55 0.125 0.725 0 0
  56 0.125 0.775 0 0
  57 0.125 0.825 0 0
  58 0.125 0.875 0 0
  59 0.125 0.925 0 0
  60 0.125 0.975 0 0
  61 0.175 0.025 0 0
  62 0.175 0.075 0 0
  63 0.175 0.125 0 0
  64 0.175 0.175 0 0
  65 0.175 0.225 9 0.0625
  66 0.175 0.275 24 0.166667
  67 0.175 0.325 23 0.159722
  68 0.175 0.375 22 0.152778
  69 0.175 0.425 20 0.138889
  70 0.175 0.475 9 0.0625
  71 0.175 0.525 0 0
  72 0.175 0.575 0 0
  73 0.175 0.625 0 0
  74 0.175 0.675 0 0
  75 0.175 0.725 0 0
  76 0.175 0.775 0 0
  77 0.175 0.825 0 0
  78 0.175 0.875 0 0
  79 0.175 0.925 0 0
  80 0.175 0.975 0 0
  81 0.225 0.025 0 0
  82 0.225 0.075 0 0
  83 0.225 0.125 0 0
  84 0.225 0.175 7 0.0486111
  85 0.225 0.225 21 0.145833
  86 0.225 0.275 22 0.152778
  87 0.225 0.325 22 0.152778
  88 0.225 0.375 23 0.159722
  89 0.225 0.425 21 0.145833
  90 0.225 0.475 26 0.180556
  91 0.225 0.525 2 0.0138889
  92 0.225 0.575 0 0
  93 0.225 0.625 0 0
  94 0.225 0.675 0 0
  95 0.225 0.725 0 0
  96 0.225 0.775 0 0
  97 0.225 0.825 0 0
  98 0.225 0.875 0 0
  99 0.225 0.925 0 0
  100 0.225 0.975 0 0
  101 0.275 0.025 0 0
  102 0.275 0.075 0 0
  103 0.275 0.125 1 0.00694444
  104 0.275 0.175 20 0.138889
  105 0.275 0.225 23 0.159722
  106 0.275 0.275 24 0.166667
  107 0.275 0.325 23 0.159722
  108 0.275 0.375 22 0.152778
  109 0.275 0.425 23 0.159722
  110 0.275 0.475 19 0.131944
  111 0.275 0.525 23 0.159722
  112 0.275 0.575 4 0.0277778
  113 0.275 0.625 0 0
  114 0.275 0.675 0 0
  115 0.275 0.725 0 0
  116 0.275 0.775 0 0
  117 0.275 0.825 0 0
  118 0.275 0.875 0 0
  119 0.275 0.925 0 0
  120 0.275 0.975 0 0
  121 0.325 0.025 0 0
  122 0.325 0.075 0 0
  123 0.325 0.125 7 0.0486111
  124 0.325 0.175 22 0.152778
  125 0.325 0.225 23 0.159722
  126 0.325 0.275 23 0.159722
  127 0.325 0.325 22 0.152778
  128 0.325 0.375 23 0.159722
  129 0.325 0.425 23 0.159722
  130 0.325 0.475 22 0.152778
  131 0.325 0.525 23 0.159722
  132 0.325 0.575 11 0.0763889
  133 0.325 0.625 0 0
  134 0.325 0.675 0 0
  135 0.325 0.725 0 0
  136 0.325 0.775 0 0
  137 0.325 0.825 0 0
  138 0.325 0.875 0 0
  139 0.325 0.925 0 0
  140 0.325 0.975 0 0
  141 0.375 0.025 0 0
  142 0.375 0.075 0 0
  143 0.375 0.125 8 0.0555556
  144 0.375 0.175 23 0.159722
  145 0.375 0.225 22 0.152778
  146 0.375 0.275 21 0.145833
  147 0.375 0.325 25 0.173611
  148 0.375 0.375 21 0.145833
  149 0.375 0.425 21 0.145833
  150 0.375 0.475 23 0.159722
  151 0.375 0.525 23 0.159722
  152 0.375 0.575 13 0.0902778
  153 0.375 0.625 0 0
  154 0.375 0.675 0 0
  155 0.375 0.725 0 0
  156 0.375 0.775 0 0
  157 0.375 0.825 0 0
  158 0.375 0.875 0 0
  159 0.375 0.925 0 0
  160 0.375 0.975 0 0
  161 0.425 0.025 0 0
  162 0.425 0.075 0 0
  163 0.425 0.125 4 0.0277778
  164 0.425 0.175 22 0.152778
  165 0.425 0.225 21 0.145833
  166 0.425 0.275 24 0.166667
  167 0.425 0.325 22 0.152778
  168 0.425 0.375 21 0.145833
  169 0.425 0.425 21 0.145833
  170 0.425 0.475 24 0.166667
  171 0.425 0.525 22 0.152778
  172 0.425 0.575 21 0.145833
  173 0.425 0.625 17 0.118056
  174 0.425 0.675 14 0.0972222
  175 0.425 0.725 5 0.0347222
  176 0.425 0.775 0 0
  177 0.425 0.825 0 0
  178 0.425 0.875 0 0
  179 0.425 0.925 0 0
  180 0.425 0.975 0 0
  181 0.475 0.025 0 0
  182 0.475 0.075 0 0
  183 0.475 0.125 0 0
  184 0.475 0.175 11 0.0763889
  185 0.475 0.225 21 0.145833
  186 0.475 0.275 22 0.152778
  187 0.475 0.325 22 0.152778
  188 0.475 0.375 24 0.166667
  189 0.475 0.425 21 0.145833
  190 0.475 0.475 24 0.166667
  191 0.475 0.525 22 0.152778
  192 0.475 0.575 20 0.138889
  193 0.475 0.625 22 0.152778
  194 0.475 0.675 22 0.152778
  195 0.475 0.725 20 0.138889
  196 0.475 0.775 11 0.0763889
  197 0.475 0.825 0 0
  198 0.475 0.875 0 0
  199 0.475 0.925 0 0
  200 0.475 0.975 0 0
  201 0.525 0.025 0 0
  202 0.525 0.075 0 0
  203 0.525 0.125 0 0
  204 0.525 0.175 0 0
  205 0.525 0.225 11 0.0763889
  206 0.525 0.275 24 0.166667
  207 0.525 0.325 22 0.152778
  208 0.525 0.375 24 0.166667
  209 0.525 0.425 23 0.159722
  210 0.525 0.475 23 0.159722
  211 0.525 0.525 20 0.138889
  212 0.525 0.575 23 0.159722
  213 0.525 0.625 20 0.138889
  214 0.525 0.675 21 0.145833
  215 0.525 0.725 20 0.138889
  216 0.525 0.775 26 0.180556
  217 0.525 0.825 16 0.111111
  218 0.525 0.875 0 0
  219 0.525 0.925 0 0
  220 0.525 0.975 0 0
  221 0.575 0.025 0 0
  222 0.575 0.075 0 0
  223 0.575 0.125 0 0
  224 0.575 0.175 0 0
  225 0.575 0.225 0 0
  226 0.575 0.275 8 0.0555556
  227 0.575 0.325 15 0.104167
  228 0.575 0.375 15 0.104167
  229 0.575 0.425 22 0.152778
  230 0.575 0.475 21 0.145833
  231 0.575 0.525 23 0.159722
  232 0.575 0.575 22 0.152778
  233 0.575 0.625 24 0.166667
  234 0.575 0.675 25 0.173611
  235 0.575 0.725 27 0.1875
  236 0.575 0.775 23 0.159722
  237 0.575 0.825 23 0.159722
  238 0.575 0.875 5 0.0347222
  239 0.575 0.925 0 0
  240 0.575 0.975 0 0
  241 0.625 0.025 0 0
  242 0.625 0.075 0 0
  243 0.625 0.125 0 0
  244 0.625 0.175 0 0
  245 0.625 0.225 0 0
  246 0.625 0.275 0 0
  247 0.625 0.325 0 0
  248 0.625 0.375 0 0
  249 0.625 0.425 15 0.104167
  250 0.625 0.475 23 0.159722
  251 0.625 0.525 22 0.152778
  252 0.625 0.575 23 0.159722
  253 0.625 0.625 23 0.159722
  254 0.625 0.675 24 0.166667
  255 0.625 0.725 22 0.152778
  256 0.625 0.775 23 0.159722
  257 0.625 0.825 20 0.138889
  258 0.625 0.875 11 0.0763889
  259 0.625 0.925 0 0
  260 0.625 0.975 0 0
  261 0.675 0.025 0 0
  262 0.675 0.075 0 0
  263 0.675 0.125 0 0
  264 0.675 0.175 0 0
  265 0.675 0.225 0 0
  266 0.675 0.275 0 0
  267 0.675 0.325 0 0
  268 0.675 0.375 0 0
  269 0.675 0.425 16 0.111111
  270 0.675 0.475 22 0.152778
  271 0.675 0.525 21 0.145833
  272 0.675 0.575 23 0.159722
  273 0.675 0.625 23 0.159722
  274 0.675 0.675 22 0.152778
  275 0.675 0.725 23 0.159722
  276 0.675 0.775 20 0.138889
  277 0.675 0.825 22 0.152778
  278 0.675 0.875 10 0.0694444
  279 0.675 0.925 0 0
  280 0.675 0.975 0 0
  281 0.725 0.025 0 0
  282 0.725 0.075 0 0
  283 0.725 0.125 0 0
  284 0.725 0.175 0 0
  285 0.725 0.225 0 0
  286 0.725 0.275 0 0
  287 0.725 0.325 0 0
  288 0.725 0.375 0 0
  289 0.725 0.425 9 0.0625
  290 0.725 0.475 22 0.152778
  291 0.725 0.525 23 0.159722
  292 0.725 0.575 23 0.159722
  293 0.725 0.625 23 0.159722
  294 0.725 0.675 20 0.138889
  295 0.725 0.725 19 0.131944
  296 0.725 0.775 21 0.145833
  297 0.725 0.825 21 0.145833
  298 0.725 0.875 2 0.0138889
  299 0.725 0.925 0 0
  300 0.725 0.975 0 0
  301 0.775 0.025 0 0
  302 0.775 0.075 0 0
  303 0.775 0.125 0 0
  304 0.775 0.175 0 0
  305 0.775 0.225 0 0
  306 0.775 0.275 0 0
  307 0.775 0.325 0 0
  308 0.775 0.375 0 0
  309 0.775 0.425 0 0
  310 0.775 0.475 14 0.0972222
  311 0.775 0.525 21 0.145833
  312 0.775 0.575 22 0.152778
  313 0.775 0.625 24 0.166667
  314 0.775 0.675 23 0.159722
  315 0.775 0.725 22 0.152778
  316 0.775 0.775 22 0.152778
  317 0.775 0.825 5 0.0347222
  318 0.775 0.875 0 0
  319 0.775 0.925 0 0
  320 0.775 0.975 0 0
  321 0.825 0.025 0 0
  322 0.825 0.075 0 0
  323 0.825 0.125 0 0
  324 0.825 0.175 0 0
  325 0.825 0.225 0 0
  326 0.825 0.275 0 0
  327 0.825 0.325 0 0
  328 0.825 0.375 0 0
  329 0.825 0.425 0 0
  330 0.825 0.475 0 0
  331 0.825 0.525 5 0.0347222
  332 0.825 0.575 20 0.138889
  333 0.825 0.625 23 0.159722
  334 0.825 0.675 22 0.152778
  335 0.825 0.725 22 0.152778
  336 0.825 0.775 10 0.0694444
  337 0.825 0.825 0 0
  338 0.825 0.875 0 0
  339 0.825 0.925 0 0
  340 0.825 0.975 0 0
  341 0.875 0.025 0 0
  342 0.875 0.075 0 0
  343 0.875 0.125 0 0
  344 0.875 0.175 0 0
  345 0.875 0.225 0 0
  346 0.875 0.275 0 0
  347 0.875 0.325 0 0
  348 0.875 0.375 0 0
  349 0.875 0.425 0 0
  350 0.875 0.475 0 0
  351 0.875 0.525 0 0
  352 0.875 0.575 1 0.00694444
  353 0.875 0.625 5 0.0347222
  354 0.875 0.675 6 0.0416667
  355 0.875 0.725 2 0.0138889
  356 0.875 0.775 0 0
  357 0.875 0.825 0 0
  358 0.875 0.875 0 0
  359 0.875 0.925 0 0
  360 0.875 0.975 0 0
  361 0.925 0.025 0 0
  362 0.925 0.075 0 0
  363 0.925 0.125 0 0
  364 0.925 0.175 0 0
  365 0.925 0.225 0 0
  366 0.925 0.275 0 0
  367 0.925 0.325 0 0
  368 0.925 0.375 0 0
  369 0.925 0.425 0 0
  370 0.925 0.475 0 0
  371 0.925 0.525 0 0
  372 0.925 0.575 0 0
  373 0.925 0.625 0 0
  374 0.925 0.675 0 0
  375 0.925 0.725 0 0
  376 0.925 0.775 0 0
  377 0.925 0.825 0 0
  378 0.925 0.875 0 0
  379 0.925 0.925 0 0
  380 0.925 0.975 0 0
  381 0.975 0.025 0 0
  382 0.975 0.075 0 0
  383 0.975 0.125 0 0
  384 0.975 0.175 0 0
  385 0.975 0.225 0 0
  386 0.975 0.275 0 0
  387 0.975 0.325 0 0
  388 0.975 0.375 0 0
  389 0.975 0.425 0 0
  390 0.975 0.475 0 0
  391 0.975 0.525 0 0
  392 0.975 0.575 0 0
  393 0.975 0.625 0 0
  394 0.975 0.675 0 0
  395 0.975 0.725 0 0
  396 0.975 0.775 0 0
  397 0.975 0.825 0 0
  398 0.975 0.875 0 0
  399 0.975 0.925 0 0
  400 0.975 0.975 0 0
